1 -450 -450
2 -350 -450 
3 -250 -450
4 -150 -450
5  -50 -450
6   50 -450
7  150 -450
8  250 -450
9  350 -450
10 450 -450
11 -450 -350
12 -350 -350
13 -250 -350
14 -150 -350
15  -50 -350
16   50 -350
17  150 -350
18  250 -350
19  350 -350
20  450 -350
21 -450 -250
22 -350 -250
23 -250 -250
24 -150 -250
25  -50 -250
26   50 -250
27  150 -250
28  250 -250
29  350 -250
30  450 -250
31 -450 -150
32 -350 -150
33 -250 -150
34 -150 -150
35  -50 -150
36   50 -150
37  150 -150
38  250 -150
39  350 -150
40  450 -150
41 -450 -50
42 -350 -50
43 -250 -50
44 -150 -50
45  -50 -50
46   50 -50
47  150 -50
48  250 -50
49  350 -50
50  450 -50
51 -450 50
52 -350 50
53 -250 50
54 -150 50
55  -50 50
56   50 50
57  150 50
58  250 50
59  350 50
60  450 50
61 -450 150
62 -350 150
63 -250 150
64 -150 150
65  -50 150
66   50 150
67  150 150
68  250 150
69  350 150
70  450 150
71 -450 250
72 -350 250
73 -250 250
74 -150 250
75  -50 250
76   50 250
77  150 250
78  250 250
79  350 250
80  450 250
81 -450 350
82 -350 350
83 -250 350
84 -150 350
85  -50 350
86   50 350
87  150 350
88  250 350
89  350 350
90  450 350
91 -450 450
92 -350 450
93 -250 450
94 -150 450
95  -50 450
96   50 450
97  150 450
98  250 450
99  350 450
100  450 450